1 1
1 2
1 3
1 4
1 5
1 10
1 9
1 99
1 100
2 1
3 1
4 1
10 1
9 1
99 1
2 2
2 3
2 10
2 99
2 100
3 2
10 2
9 2
100 2
3 3
4 4
5 5
6 6
7 7
8 8
9 9
10 10
11 11
20 20
30 30
40 40
50 50
60 60
70 70
80 80
90 90
99 99
100 100
12 23
34 45
45 67
67 78
98 67
34 56
3 67
87 43
54 7
34 76
23 98
21 56
32 65
56 43
32 87
3 98
3 6
34 78
34 87
23 98
23 44
98 45
9 43
3 65
53 5
34 98
12 56
83 59
2 67
67 83
32 89
23 85
12 94
43 48
23 98
76 34
84 43
85 41
38 72
69 80
68 65
22 96
67 49
61 51
87 63
24 66
83 80
33 12
18 99
35 92
0 74
71 95
33 39
3 17
48 94
18 77
11 83
25 83
62 59
78 2
7 86
65 94
32 80
84 39
65 60
61 72
84 58
72 8
19 12
49 47
59 49
52 71
22 34
20 21
33 92
39 80
9 74
97 28
93 100
25 29
66 4
81 79
21 98
62 91
4 82
100 59
1 34
80 51
69 92
39 77
97 38
34 51
19 35
1 22
9 67
31 90
11 82
84 51
70 78
42 74
88 100
80 53
62 57
51 32
63 48
46 92
61 4
98 31
52 69
