1
2
3
4
5
10
9
99
100
1
1
1
1
1
1
3
6
55
4950
5050
4
11
10
101
10
35
126
462
1716
6435
24310
92378
352716
3285086
2123268
6057079
1832798
4809833
3099529
6963796
4473980
772729
4475461
8354202
2966047
9320682
1890758
214420
8716890
52394
3009405
63875
1579004
1390158
6448835
3007856
6581064
3048080
161700
56
5324613
2430120
1390158
3738973
5243155
2313262
47905
395010
3994025
4076576
4125590
2278
915271
5873378
5451852
9498153
6595386
1390158
8601131
9218524
7874349
6075335
5653858
6752685
2748123
5672548
8884349
2877273
1600097
4142649
9341430
6994009
7797993
1
4377926
3214505
969
1983226
3819452
2255750
4150538
4313491
79
556716
5105828
7658910
2610615
5777958
6612612
4753383
8754582
4627315
4946033
6851698
7786795
5916428
6570172
8455846
957054
2175815
7737037
4258578
3088981
52394
1729
2763544
5656959
2024785
4433741
34
231792
5974955
1864492
102158
5493544
3613267
22
5659852
6381438
4031951
2228018
3528868
5110959
3119089
8932180
271737
1283341
9606331
6906851
41664
9130745
7870898
